2 0.474101 0.129496 0.129496 0.147482
0 0.215108 0.320144 0.100719 0.068345
0 0.484892 0.285971 0.098321 0.071942
0 0.742686 0.276978 0.091127 0.071942
0 0.759472 0.440647 0.100719 0.071942
0 0.783453 0.649281 0.095923 0.071942
0 0.717506 0.870504 0.103118 0.071942
0 0.430935 0.470324 0.086331 0.070144
0 0.440528 0.657374 0.091127 0.070144
0 0.454916 0.856115 0.091127 0.071942
0 0.230695 0.839928 0.103118 0.071942
0 0.205516 0.674460 0.095923 0.071942
0 0.216307 0.483813 0.088729 0.064748
1 0.350600 0.409173 0.079137 0.102518
1 0.362590 0.588129 0.098321 0.097122
1 0.362590 0.758094 0.088729 0.106115
1 0.628777 0.654676 0.079137 0.118705
1 0.638369 0.478417 0.107914 0.104317