1 0.428103 0.378597 0.152428 0.116906
1 0.480036 0.708633 0.153777 0.118705
0 0.057824 0.219424 0.080935 0.097122
0 0.300630 0.229317 0.070144 0.098921
0 0.601439 0.240108 0.062050 0.080935
0 0.790288 0.198741 0.080935 0.113309
0 0.811871 0.508094 0.083633 0.102518
0 0.591322 0.517086 0.066097 0.091727
0 0.282419 0.553058 0.066097 0.088129
0 0.092896 0.559353 0.086331 0.104317
0 0.101664 0.825540 0.079586 0.100719
0 0.303327 0.878597 0.072842 0.088129
0 0.587950 0.909173 0.070144 0.091727
0 0.821313 0.871403 0.086331 0.106115