0 0.778872 0.118326 0.04165099999999988 0.03218499999999999
0 0.230468 0.15903100000000003 0.04038900000000001 0.030292000000000013
0 0.494888 0.15903100000000003 0.06941799999999998 0.05490300000000001
0 0.759308 0.207781 0.07068000000000008 0.052064
0 0.9063490000000001 0.283983 0.03912700000000002 0.03218500000000002
0 0.23172999999999994 0.218762 0.06563200000000002 0.048277000000000014
0 0.75426 0.387259 0.07320499999999996 0.052064
0 0.23488600000000004 0.410924 0.06437000000000004 0.048277000000000014
0 0.9189700000000001 0.387259 0.041650999999999994 0.02934500000000001
0 0.911397 0.513631 0.03912700000000002 0.02839799999999998
0 0.759308 0.567588 0.07068000000000008 0.05111699999999997
0 0.90698 0.6238170000000001 0.04543699999999995 0.028398000000000034
0 0.910766 0.759655 0.03786400000000001 0.031237999999999988
0 0.755522 0.740723 0.07320500000000008 0.05017000000000005
0 0.80159 0.888868 0.07446699999999995 0.054903000000000035
0 0.5030920000000001 0.847217 0.06563200000000002 0.05301
0 0.223526 0.832544 0.06941799999999998 0.052064
0 0.23993399999999998 0.6578 0.06941799999999998 0.05017000000000005
1 0.5005680000000001 0.514294 0.06563200000000002 0.07099600000000006
2 0.5106649999999999 0.351477 0.09592299999999998 0.12022
2 0.7012499999999999 0.49772799999999995 0.15903100000000003 0.06436999999999998
2 0.354159 0.534173 0.14893299999999998 0.05395700000000003
2 0.513189 0.689038 0.09844800000000009 0.12211300000000003
0 0.778872 0.118326 0.04165099999999988 0.03218499999999999
0 0.230468 0.15903100000000003 0.04038900000000001 0.030292000000000013
0 0.494888 0.15903100000000003 0.06941799999999998 0.05490300000000001
0 0.759308 0.207781 0.07068000000000008 0.052064
0 0.9063490000000001 0.283983 0.03912700000000002 0.03218500000000002
0 0.23172999999999994 0.218762 0.06563200000000002 0.048277000000000014
0 0.75426 0.387259 0.07320499999999996 0.052064
0 0.23488600000000004 0.410924 0.06437000000000004 0.048277000000000014
0 0.9189700000000001 0.387259 0.041650999999999994 0.02934500000000001
0 0.911397 0.513631 0.03912700000000002 0.02839799999999998
0 0.759308 0.567588 0.07068000000000008 0.05111699999999997
0 0.90698 0.6238170000000001 0.04543699999999995 0.028398000000000034
0 0.910766 0.759655 0.03786400000000001 0.031237999999999988
0 0.755522 0.740723 0.07320500000000008 0.05017000000000005
0 0.80159 0.888868 0.07446699999999995 0.054903000000000035
0 0.5030920000000001 0.847217 0.06563200000000002 0.05301
0 0.223526 0.832544 0.06941799999999998 0.052064
0 0.23993399999999998 0.6578 0.06941799999999998 0.05017000000000005
1 0.5005680000000001 0.514294 0.06563200000000002 0.07099600000000006
2 0.5106649999999999 0.351477 0.09592299999999998 0.12022
2 0.7012499999999999 0.49772799999999995 0.15903100000000003 0.06436999999999998
2 0.354159 0.534173 0.14893299999999998 0.05395700000000003
2 0.513189 0.689038 0.09844800000000009 0.12211300000000003
