0 0.221128 0.8816740000000001 0.041650999999999994 0.03218500000000002
0 0.769532 0.840969 0.04038900000000001 0.030291999999999986
0 0.505112 0.8409690000000001 0.06941799999999998 0.054903000000000035
0 0.240692 0.792219 0.07068000000000002 0.05206400000000011
0 0.093651 0.716017 0.039126999999999995 0.03218499999999991
0 0.76827 0.781238 0.06563200000000002 0.0482769999999999
0 0.24574 0.612741 0.07320500000000002 0.05206400000000011
0 0.765114 0.5890759999999999 0.06437000000000004 0.048277000000000014
0 0.08103000000000002 0.612741 0.04165100000000001 0.029345000000000065
0 0.088603 0.4863690000000001 0.039126999999999995 0.028398000000000034
0 0.240692 0.4324120000000001 0.07068000000000002 0.05111699999999997
0 0.09301999999999999 0.376183 0.04543699999999999 0.028398000000000034
0 0.08923399999999998 0.2403450000000001 0.037863999999999995 0.031237999999999988
0 0.244478 0.259277 0.07320500000000002 0.05017000000000005
0 0.19841 0.11113199999999995 0.074467 0.054903000000000035
0 0.496908 0.152783 0.06563199999999997 0.05301
0 0.776474 0.1674560000000001 0.06941799999999998 0.052064
0 0.760066 0.34219999999999995 0.06941799999999998 0.05017000000000005
1 0.499432 0.48570599999999997 0.06563199999999997 0.07099600000000006
2 0.4893350000000001 0.6485230000000001 0.09592300000000004 0.12022
2 0.29875 0.502272 0.15903100000000003 0.06436999999999993
2 0.645841 0.465827 0.14893299999999998 0.05395700000000003
2 0.486811 0.3109619999999999 0.09844800000000004 0.12211300000000003
0 0.221128 0.8816740000000001 0.041650999999999994 0.03218500000000002
0 0.769532 0.840969 0.04038900000000001 0.030291999999999986
0 0.505112 0.8409690000000001 0.06941799999999998 0.054903000000000035
0 0.240692 0.792219 0.07068000000000002 0.05206400000000011
0 0.093651 0.716017 0.039126999999999995 0.03218499999999991
0 0.76827 0.781238 0.06563200000000002 0.0482769999999999
0 0.24574 0.612741 0.07320500000000002 0.05206400000000011
0 0.765114 0.5890759999999999 0.06437000000000004 0.048277000000000014
0 0.08103000000000002 0.612741 0.04165100000000001 0.029345000000000065
0 0.088603 0.4863690000000001 0.039126999999999995 0.028398000000000034
0 0.240692 0.4324120000000001 0.07068000000000002 0.05111699999999997
0 0.09301999999999999 0.376183 0.04543699999999999 0.028398000000000034
0 0.08923399999999998 0.2403450000000001 0.037863999999999995 0.031237999999999988
0 0.244478 0.259277 0.07320500000000002 0.05017000000000005
0 0.19841 0.11113199999999995 0.074467 0.054903000000000035
0 0.496908 0.152783 0.06563199999999997 0.05301
0 0.776474 0.1674560000000001 0.06941799999999998 0.052064
0 0.760066 0.34219999999999995 0.06941799999999998 0.05017000000000005
1 0.499432 0.48570599999999997 0.06563199999999997 0.07099600000000006
2 0.4893350000000001 0.6485230000000001 0.09592300000000004 0.12022
2 0.29875 0.502272 0.15903100000000003 0.06436999999999993
2 0.645841 0.465827 0.14893299999999998 0.05395700000000003
2 0.486811 0.3109619999999999 0.09844800000000004 0.12211300000000003
