0 0.04930797993898536 0.29295598866546857 0.04096745574177546 0.030725345436767304
0 0.04549562508033958 0.4912503754294863 0.07419724592620952 0.05284966893271614
0 0.10667651399882197 0.6902476299771777 0.07043050131205014 0.0537551384155559
0 0.20614861206088478 0.8016155824357907 0.04347299812797262 0.029806236714474132
0 0.12892283993711132 0.29476357993752794 0.06530891175808168 0.04991493172833694
0 0.3460284213465836 0.6890497015335474 0.07046690625879432 0.05564869157560115
0 0.38506670578275665 0.29990088732340775 0.06529071649360996 0.04896853010933622
0 0.34365366539481174 0.8125693613319793 0.0397231155835408 0.03165809339851389
0 0.5122413376066882 0.8087122080048212 0.038424189631890815 0.029751636503258183
0 0.5863693153058398 0.6954352555903112 0.06916796588934371 0.05374148475830187
0 0.6592044171108344 0.8069884421252284 0.03851516595424953 0.03448364459826214
0 0.8402483389727531 0.8117861321924597 0.042192253022993786 0.028845431516175468
0 0.8172465731270103 0.6950922766559001 0.06794183541338161 0.055621384261092865
0 0.9628632996384813 0.5073248644611933 0.07161892248212554 0.04998317117900619
0 0.9473320600255313 0.2974606060355436 0.07041230604757853 0.05280873679655512
0 0.7141277103807113 0.3072459027627383 0.06788723520216555 0.05278142948204689
1 0.5190484963620337 0.5006320437638282 0.09559776315033963 0.050242489742229834
2 0.30183615117080465 0.5058565435828137 0.16165967083691613 0.07366808018558074
2 0.4940693991522882 0.6508890540277579 0.08811062294234123 0.1201889263433914
2 0.547661970462247 0.3911233187449262 0.07408247512017152 0.11246608098870514
2 0.7518343116706026 0.5126162340397825 0.164219813434329 0.07558892624233349
0 0.045572447851549125 0.2976010077181549 0.04041894139330815 0.030313956228383676
0 0.04537853775358869 0.4959159543922939 0.07325488739993868 0.05210374863600975
0 0.11018461017746994 0.694266651453225 0.06947048056114113 0.05304816642564236
0 0.2116794182903947 0.8046032538705794 0.042942015237938225 0.02936884469791201
0 0.12521283429306687 0.2985913106708969 0.0644174466788286 0.04925939028029769
0 0.3494922477366008 0.6906122710952742 0.06947233224784166 0.054941915916422945
0 0.38142645097289096 0.30109923035907427 0.06441652120214891 0.048312890534806585
0 0.34937145909642586 0.8141447378780343 0.039157200542845605 0.03125976149969456
0 0.517872967382156 0.8085576632079496 0.03789268326234407 0.029366067534531748
0 0.5899271478438552 0.6945305127746713 0.0682078142339988 0.05304747195146198
0 0.6647908337126199 0.8053257180396348 0.03789731064574231 0.034098566261987484
0 0.8459053419144154 0.808264832887207 0.04167842270077504 0.028420900478442368
0 0.8207765288671057 0.6918179805785517 0.06694699959355721 0.054940526968062287
0 0.9629536080223658 0.5025736279313212 0.07072811164859005 0.04926286118451695
0 0.943594630567821 0.2928884239952736 0.06946955508446151 0.05210166668015126
0 0.7105906605546276 0.30506627369980155 0.06694422243017706 0.05210027773179049
1 0.5190582450040515 0.500436482265529 0.09470943853346908 0.04927605106055477
2 0.30196156549812037 0.5078898298041007 0.16036363452570396 0.07203039294228963
2 0.49682308255114793 0.6509357932623399 0.08594326758344373 0.119320423105441
2 0.5456709389718778 0.39064433988304403 0.07205186603665892 0.11173928885929651
2 0.75204092685359 0.5100303767066918 0.16288948553371418 0.07392553064808971
