2 0.38003 0.315872 0.07334799999999997 0.155126
2 0.2211109999999999 0.472684 0.08599400000000001 0.149505
2 0.674685 0.476057 0.12646099999999993 0.09105200000000002
2 0.33450399999999997 0.61612 0.12393200000000004 0.088804
0 0.884961 0.17639700000000003 0.03735500000000003 0.045656
0 0.817515 0.175706 0.05810700000000002 0.071942
0 0.770822 0.261483 0.0601830000000001 0.07194199999999998
0 0.578341 0.181931 0.057069999999999954 0.076093
0 0.537355 0.273243 0.029053999999999913 0.04288900000000001
0 0.345912 0.18539 0.05499399999999999 0.074709
0 0.266533 0.268401 0.04980600000000002 0.07194199999999998
0 0.1606950000000001 0.163254 0.060182999999999987 0.074709
0 0.12541500000000005 0.5437190000000001 0.05395700000000003 0.07194200000000006
0 0.5228280000000001 0.530576 0.031129000000000073 0.042888999999999955
0 0.884961 0.408135 0.05810699999999991 0.07470899999999997
0 0.7386550000000001 0.623271 0.05603199999999997 0.07055900000000004
0 0.790537 0.770753 0.05810700000000002 0.07609299999999997
0 0.5954619999999999 0.7797450000000001 0.05603199999999997 0.07194200000000006
0 0.19649300000000003 0.751384 0.057069999999999954 0.07055900000000004
0 0.5 0.886967 0.031128999999999962 0.042888999999999955
0 0.38534199999999996 0.8869670000000001 0.03216700000000006 0.04565600000000003
0 0.24578 0.886967 0.03320400000000001 0.042888999999999955
1 0.49346 0.406638 0.08093499999999998 0.099738
1 0.611184 0.642904 0.093198 0.11445400000000006
1 0.6988639999999999 0.761445 0.09933000000000003 0.06703700000000001
0 0.644166 0.474033 0.02866500000000005 0.03709499999999999
2 0.38003 0.315872 0.07334799999999997 0.155126
2 0.2211109999999999 0.472684 0.08599400000000001 0.149505
2 0.674685 0.476057 0.12646099999999993 0.09105200000000002
2 0.33450399999999997 0.61612 0.12393200000000004 0.088804
0 0.884961 0.17639700000000003 0.03735500000000003 0.045656
0 0.817515 0.175706 0.05810700000000002 0.071942
0 0.770822 0.261483 0.0601830000000001 0.07194199999999998
0 0.578341 0.181931 0.057069999999999954 0.076093
0 0.537355 0.273243 0.029053999999999913 0.04288900000000001
0 0.345912 0.18539 0.05499399999999999 0.074709
0 0.266533 0.268401 0.04980600000000002 0.07194199999999998
0 0.1606950000000001 0.163254 0.060182999999999987 0.074709
0 0.12541500000000005 0.5437190000000001 0.05395700000000003 0.07194200000000006
0 0.5228280000000001 0.530576 0.031129000000000073 0.042888999999999955
0 0.884961 0.408135 0.05810699999999991 0.07470899999999997
0 0.7386550000000001 0.623271 0.05603199999999997 0.07055900000000004
0 0.790537 0.770753 0.05810700000000002 0.07609299999999997
0 0.5954619999999999 0.7797450000000001 0.05603199999999997 0.07194200000000006
0 0.19649300000000003 0.751384 0.057069999999999954 0.07055900000000004
0 0.5 0.886967 0.031128999999999962 0.042888999999999955
0 0.38534199999999996 0.8869670000000001 0.03216700000000006 0.04565600000000003
0 0.24578 0.886967 0.03320400000000001 0.042888999999999955
1 0.49346 0.406638 0.08093499999999998 0.099738
1 0.611184 0.642904 0.093198 0.11445400000000006
1 0.6988639999999999 0.761445 0.09933000000000003 0.06703700000000001
0 0.644166 0.474033 0.02866500000000005 0.03709499999999999
