2 0.61997 0.6841280000000001 0.07334799999999997 0.155126
2 0.7788890000000002 0.527316 0.08599400000000001 0.149505
2 0.325315 0.523943 0.126461 0.09105200000000002
2 0.6654960000000001 0.38388000000000005 0.12393200000000004 0.088804
0 0.115039 0.823603 0.03735500000000001 0.04565599999999992
0 0.182485 0.8242940000000001 0.05810699999999999 0.07194200000000006
0 0.229178 0.738517 0.060182999999999987 0.07194199999999995
0 0.421659 0.8180689999999999 0.05707000000000001 0.07609300000000008
0 0.462645 0.726757 0.029054000000000024 0.042888999999999955
0 0.654088 0.8146100000000001 0.05499399999999999 0.07470900000000003
0 0.733467 0.731599 0.04980600000000002 0.07194199999999995
0 0.839305 0.836746 0.060182999999999987 0.07470899999999991
0 0.874585 0.456281 0.05395700000000003 0.07194200000000006
0 0.47717200000000004 0.46942399999999995 0.031129000000000018 0.042888999999999955
0 0.115039 0.5918650000000001 0.058107000000000006 0.07470900000000003
0 0.261345 0.376729 0.05603199999999997 0.07055900000000004
0 0.209463 0.22924699999999998 0.05810699999999999 0.07609299999999997
0 0.404538 0.22025499999999992 0.05603199999999997 0.07194200000000006
0 0.803507 0.24861599999999995 0.057069999999999954 0.07055900000000004
0 0.5 0.11303300000000005 0.031128999999999962 0.042888999999999955
0 0.614658 0.113033 0.03216700000000006 0.04565600000000003
0 0.75422 0.11303300000000005 0.03320400000000001 0.042888999999999955
1 0.50654 0.593362 0.08093499999999998 0.099738
1 0.388816 0.35709599999999997 0.093198 0.11445400000000006
1 0.301136 0.23855499999999996 0.09933000000000003 0.06703700000000001
0 0.355834 0.5259670000000001 0.028664999999999996 0.03709499999999999
2 0.61997 0.6841280000000001 0.07334799999999997 0.155126
2 0.7788890000000002 0.527316 0.08599400000000001 0.149505
2 0.325315 0.523943 0.126461 0.09105200000000002
2 0.6654960000000001 0.38388000000000005 0.12393200000000004 0.088804
0 0.115039 0.823603 0.03735500000000001 0.04565599999999992
0 0.182485 0.8242940000000001 0.05810699999999999 0.07194200000000006
0 0.229178 0.738517 0.060182999999999987 0.07194199999999995
0 0.421659 0.8180689999999999 0.05707000000000001 0.07609300000000008
0 0.462645 0.726757 0.029054000000000024 0.042888999999999955
0 0.654088 0.8146100000000001 0.05499399999999999 0.07470900000000003
0 0.733467 0.731599 0.04980600000000002 0.07194199999999995
0 0.839305 0.836746 0.060182999999999987 0.07470899999999991
0 0.874585 0.456281 0.05395700000000003 0.07194200000000006
0 0.47717200000000004 0.46942399999999995 0.031129000000000018 0.042888999999999955
0 0.115039 0.5918650000000001 0.058107000000000006 0.07470900000000003
0 0.261345 0.376729 0.05603199999999997 0.07055900000000004
0 0.209463 0.22924699999999998 0.05810699999999999 0.07609299999999997
0 0.404538 0.22025499999999992 0.05603199999999997 0.07194200000000006
0 0.803507 0.24861599999999995 0.057069999999999954 0.07055900000000004
0 0.5 0.11303300000000005 0.031128999999999962 0.042888999999999955
0 0.614658 0.113033 0.03216700000000006 0.04565600000000003
0 0.75422 0.11303300000000005 0.03320400000000001 0.042888999999999955
1 0.50654 0.593362 0.08093499999999998 0.099738
1 0.388816 0.35709599999999997 0.093198 0.11445400000000006
1 0.301136 0.23855499999999996 0.09933000000000003 0.06703700000000001
0 0.355834 0.5259670000000001 0.028664999999999996 0.03709499999999999
