2 0.36248677464751144 0.3391499305749152 0.11669844467208995 0.0985476416687584
2 0.4808642244463217 0.12802003976567813 0.11254400343437387 0.11538154812133056
2 0.4811967578934244 0.7327946167336501 0.0689007965947312 0.16905375913183363
2 0.587890667946251 0.2799037600241937 0.06720256548570402 0.16567090901479986
0 0.2552442589609575 0.9217774327742676 0.05423734676796116 0.07782358982275328
0 0.3198024426954208 0.8599363477691278 0.054247403252558335 0.08059155734572199
0 0.26107155227826007 0.6029126626770251 0.05734553684196597 0.07646104750398897
0 0.3297532916616616 0.5487076341727658 0.03230711492922833 0.03894597349721751
0 0.26479169604912345 0.2930277214362504 0.056297492536255433 0.07368637565795544
0 0.3274337404703636 0.18759241548113562 0.05419713536206394 0.06675571968394683
0 0.24908711237639464 0.045967388563070116 0.05632262890358464 0.08060496114768761
0 0.5346034164786871 0.018458068035831415 0.05421724348709467 0.03691613607166283
0 0.5228211483608622 0.5305850913715677 0.03231716656966144 0.04171260770249685
0 0.5912960812683544 0.8188000780861594 0.053190057297614945 0.0750502561385733
0 0.7016549585401533 0.8886896934464854 0.057350560240100545 0.07784369794778401
0 0.7093438547174145 0.6286363039312628 0.054227295127527886 0.07505695561747405
0 0.69000602558033 0.09654649341540245 0.05319508553991348 0.07643423990005749
0 0.7902218447779785 0.5018745316354357 0.03231716656966144 0.041712607702496796
0 0.7907772669412529 0.34899899201668105 0.03439742046298644 0.04310999526594689
0 0.7914533281663825 0.16291850866381752 0.032327218210094766 0.04447924190777619
1 0.43001100239745016 0.49082784146667247 0.0751946847467097 0.10839521441822259
1 0.6066381489398269 0.648935844387589 0.08629095923315966 0.12481697596037
1 0.6951181195007051 0.7664153714369801 0.05075833090606996 0.13276318430367107
0 0.47982661474724203 0.6920932895861052 0.02795978153529599 0.038399245829495166
2 0.36276197194100995 0.33873263183021596 0.11686395968116237 0.0988997156035683
2 0.4814998668040509 0.1279628774514692 0.11273838594390634 0.11572058648921596
2 0.48079903645047706 0.7327368950413315 0.06918796835053659 0.16925889476859235
2 0.5882665127018032 0.28017131174394544 0.0674839986726038 0.16587096923734845
0 0.2545242137732865 0.921032857459688 0.054368990258823136 0.07798643151917617
0 0.31918789625699445 0.8593880377013522 0.05438377627302737 0.08075436131076619
0 0.26089632809032726 0.6021866161131925 0.05747477540864049 0.07663336482894656
0 0.32967050798609643 0.5481903589315549 0.03237286708786802 0.03904315487864474
0 0.2651459547241798 0.29231377954944526 0.05642201572258987 0.0738555776945537
0 0.3279679912039346 0.18706903142733303 0.05430986756907824 0.06691871225135898
0 0.2498635575145964 0.04520638291199222 0.056458973635743204 0.08077406887401445
0 0.5354563466136355 0.018552001534589496 0.05433943247512951 0.03710400306917899
0 0.522768829168256 0.5306543345148019 0.032387645979714885 0.041809751370720516
0 0.5907511187539974 0.8190765757075609 0.05331698767610682 0.07520998480665497
0 0.7009902910169515 0.88930124063731 0.057482161293385126 0.0780159964252275
0 0.7091235138525858 0.629271882133122 0.05435421136697638 0.07521983502710039
0 0.6906949032265017 0.09712471104944179 0.053324380683208994 0.07659394970244998
0 0.7902178886367976 0.502756117321106 0.032387645979714885 0.04180975137072035
0 0.79103452390493 0.34988266161584286 0.034470236349532835 0.043213423829763786
0 0.7920285343646545 0.16380471480761383 0.03240242487156164 0.044576347862796184
1 0.43002685626518883 0.490615263634323 0.07537805066644088 0.10862096588008219
1 0.6063833893058661 0.6492593865712917 0.08650211219077719 0.12507603043658477
1 0.694662395965814 0.7670073793633965 0.05098393851168315 0.13291410223162436
0 0.4794984421825471 0.6920315115142195 0.028024706711403058 0.03848323442814916
