0 0.847988 0.113409 0.07993600000000001 0.060951000000000005
0 0.7214229999999999 0.10191799999999998 0.07460699999999998 0.05795399999999999
0 0.792699 0.185851 0.07860400000000001 0.057954000000000006
0 0.492939 0.03697 0.07593899999999998 0.057954000000000006
0 0.221823 0.066447 0.07727200000000001 0.06295
0 0.10591499999999998 0.033473 0.07993600000000001 0.060951000000000005
0 0.12922999999999996 0.12090299999999998 0.07593899999999998 0.05995199999999999
0 0.614841 0.260891 0.04263300000000003 0.034972
0 0.3090859999999999 0.284373 0.07860400000000001 0.057954000000000006
0 0.633493 0.36380900000000005 0.07727200000000001 0.056954000000000005
0 0.331735 0.383293 0.04396500000000003 0.031974
0 0.630829 0.46273 0.04529699999999992 0.030974999999999975
0 0.921929 0.502198 0.0786039999999999 0.059952000000000005
0 0.32174300000000006 0.478217 0.07460699999999998 0.05395700000000003
0 0.09325899999999998 0.482714 0.07593899999999998 0.052958000000000005
0 0.642153 0.54976 0.07327499999999998 0.05595499999999998
0 0.330402 0.590727 0.04396500000000003 0.03197399999999995
0 0.6274980000000001 0.6666670000000001 0.04396499999999992 0.03197400000000006
0 0.3483880000000001 0.6931449999999999 0.07460699999999998 0.05295799999999995
0 0.869305 0.882294 0.07727200000000001 0.05595499999999998
0 0.859313 0.96223 0.07593899999999998 0.05595499999999998
0 0.77538 0.938749 0.07327500000000009 0.05095899999999998
0 0.48427899999999996 0.960232 0.07194200000000006 0.05195799999999995
0 0.20050599999999996 0.891787 0.07727200000000001 0.054956000000000005
0 0.2091659999999999 0.971123 0.07860400000000001 0.05775399999999997
0 0.10724800000000001 0.930755 0.07727200000000001 0.05695399999999995
2 0.491607 0.678657 0.1612039999999999 0.069944
2 0.481615 0.565747 0.17053000000000007 0.069944
2 0.489608 0.47472 0.17052999999999996 0.07294199999999995
2 0.468958 0.36880499999999994 0.17452699999999988 0.076938
2 0.46096499999999996 0.275879 0.1612039999999999 0.06095099999999998
0 0.847988 0.113409 0.07993600000000001 0.060951000000000005
0 0.7214229999999999 0.10191799999999998 0.07460699999999998 0.05795399999999999
0 0.792699 0.185851 0.07860400000000001 0.057954000000000006
0 0.492939 0.03697 0.07593899999999998 0.057954000000000006
0 0.221823 0.066447 0.07727200000000001 0.06295
0 0.10591499999999998 0.033473 0.07993600000000001 0.060951000000000005
0 0.12922999999999996 0.12090299999999998 0.07593899999999998 0.05995199999999999
0 0.614841 0.260891 0.04263300000000003 0.034972
0 0.3090859999999999 0.284373 0.07860400000000001 0.057954000000000006
0 0.633493 0.36380900000000005 0.07727200000000001 0.056954000000000005
0 0.331735 0.383293 0.04396500000000003 0.031974
0 0.630829 0.46273 0.04529699999999992 0.030974999999999975
0 0.921929 0.502198 0.0786039999999999 0.059952000000000005
0 0.32174300000000006 0.478217 0.07460699999999998 0.05395700000000003
0 0.09325899999999998 0.482714 0.07593899999999998 0.052958000000000005
0 0.642153 0.54976 0.07327499999999998 0.05595499999999998
0 0.330402 0.590727 0.04396500000000003 0.03197399999999995
0 0.6274980000000001 0.6666670000000001 0.04396499999999992 0.03197400000000006
0 0.3483880000000001 0.6931449999999999 0.07460699999999998 0.05295799999999995
0 0.869305 0.882294 0.07727200000000001 0.05595499999999998
0 0.859313 0.96223 0.07593899999999998 0.05595499999999998
0 0.77538 0.938749 0.07327500000000009 0.05095899999999998
0 0.48427899999999996 0.960232 0.07194200000000006 0.05195799999999995
0 0.20050599999999996 0.891787 0.07727200000000001 0.054956000000000005
0 0.2091659999999999 0.971123 0.07860400000000001 0.05775399999999997
0 0.10724800000000001 0.930755 0.07727200000000001 0.05695399999999995
2 0.491607 0.678657 0.1612039999999999 0.069944
2 0.481615 0.565747 0.17053000000000007 0.069944
2 0.489608 0.47472 0.17052999999999996 0.07294199999999995
2 0.468958 0.36880499999999994 0.17452699999999988 0.076938
2 0.46096499999999996 0.275879 0.1612039999999999 0.06095099999999998
